77	7	2	8	3	1
0
Ind	Cat	X	Y	loc13	loc14	loc35	loc45	loc48	loc53	loc54	loc58
GA01	1	290634.999466549	814477.035521736	052	052	051	053	051	050	057	052
GA03	4	285158.99741193	804618.035908035	051	052	051	053	050	050	053	051
GA05	6	640584.197101397	384999.83852607	052	052	050	053	050	051	051	053
GA06	6	640390.107867606	384932.394408308	051	052	051	053	050	051	000	053
GA07	4	285061.996146105	804870.010211555	051	052	052	053	050	050	057	051
GA08	4	285061.996146105	804870.010211555	051	052	052	053	050	050	056	051
GA09	4	285061.996146105	804870.010211555	052	052	051	053	050	050	056	052
GA10	4	285061.996146105	804870.010211555	052	052	051	053	051	050	057	051
GA11	4	285161.995848441	804744.036796741	051	052	051	053	050	050	057	051
GA14	4	285263.996822995	804879.980500853	052	052	052	053	050	050	051	051
GA16	4	285263.996822995	804879.980500853	052	052	051	053	050	050	057	051
GA17	4	285187.997391578	804708.005020075	051	052	051	053	050	050	053	051
GA18	4	285187.997391578	804708.005020075	051	052	051	053	050	050	052	051
GA19	4	285187.997391578	804708.005020075	052	052	051	053	050	050	053	051
GA20	4	285263.996822995	804879.980500853	052	052	051	053	050	050	052	051
GA21	4	285263.996822995	804879.980500853	052	052	051	053	050	050	055	051
GA22	4	285263.996822995	804879.980500853	051	052	051	053	050	050	056	051
GA23	4	285225.999017897	804773.99950853	052	052	051	053	050	050	056	051
GA24	4	285225.999017897	804773.99950853	052	052	051	053	050	050	053	052
GA25	4	285225.999017897	804773.99950853	051	052	051	053	050	050	053	051
GA26	1	290751.00077542	814607.048210536	052	052	051	053	051	050	053	051
GA27	1	290751.00077542	814607.048210536	052	052	051	052	051	050	055	051
GA28	1	290751.00077542	814607.048210536	052	052	051	053	051	050	053	051
GA29	1	290724.001081712	814629.038975703	052	052	051	053	051	050	055	051
GA30	1	290724.001081712	814629.038975703	052	052	051	053	050	050	000	052
GA31	1	290724.001081712	814629.038975703	052	052	051	052	051	050	000	052
GA32	1	290794.995440595	814686.962534016	051	052	051	053	050	050	055	052
GA33	1	290794.995440595	814686.962534016	052	052	051	052	051	050	055	051
GA34	1	290794.995440595	814686.962534016	052	052	051	053	050	050	053	051
GA36	7	296643.999431697	816168.026389697	052	052	051	052	050	050	000	051
GA37	7	296643.999431697	816168.026389697	052	053	051	053	000	050	053	051
GA39	7	296636.995646509	816166.97747924	051	052	051	053	050	050	051	051
GA41	7	296623.00006555	816167.997822475	052	052	051	053	050	050	053	051
GA42	7	296623.00006555	816167.997822475	052	052	051	052	050	050	051	051
GA43	7	296623.00006555	816167.997822475	052	052	000	053	050	050	051	051
GA44	7	296578.998029985	816168.993786818	051	052	051	053	050	050	051	051
GA45	7	296578.998029985	816168.993786818	000	052	051	053	050	050	053	052
GA46	7	296578.998029985	816168.993786818	052	052	051	053	050	050	053	051
GA47	7	296531.999585211	816181.982546443	052	052	051	053	050	050	051	051
GA48	7	296531.999585211	816181.982546443	052	052	051	053	051	050	051	051
GA49	3	584247.838012974	495967.93026668	052	051	050	051	050	050	054	052
GA50	3	584247.838012974	495967.93026668	052	052	051	051	050	050	051	052
GA51	3	584247.838012974	495967.93026668	051	052	051	051	050	050	051	053
GA52	3	584219.192137475	496000.201192456	052	052	050	053	050	050	051	052
GA53	3	584219.192137475	496000.201192456	052	052	051	000	051	050	054	052
GA54	3	584219.192137475	496000.201192456	052	051	051	053	050	050	054	053
GA55	3	584258.245208557	496042.767629838	052	052	051	053	050	050	054	053
GA56	3	584258.245208557	496042.767629838	052	053	051	053	050	050	000	052
GA57	3	584258.245208557	496042.767629838	052	052	051	000	050	050	051	053
GA58	3	584015.122974228	495920.485349721	052	052	051	000	050	050	053	052
GA59	3	584015.122974228	495920.485349721	052	052	051	000	050	050	051	053
GA60	3	584015.122974228	495920.485349721	052	052	051	053	050	050	054	052
GA61	3	584015.122974228	495920.485349721	051	051	051	051	050	050	053	053
GA62	2	494323.296213152	493677.760027922	051	052	050	051	050	050	050	051
GA63	2	494323.296213152	493677.760027922	052	052	050	000	050	050	050	052
GA66	2	494334.178531223	493727.514585893	052	051	051	050	050	050	056	052
GA67	2	494334.178531223	493727.514585893	051	051	051	051	050	050	056	052
GA68	2	494334.178531223	493727.514585893	051	052	050	051	050	050	056	051
GA69	2	494334.178531223	493727.514585893	052	052	051	053	050	050	053	052
GA71	2	494349.98096444	493746.761265108	052	051	050	000	050	050	000	052
GA72	2	494349.98096444	493746.761265108	000	052	050	050	050	050	054	052
GA73	2	494349.98096444	493746.761265108	052	051	051	051	050	050	054	052
GA74	6	641064.20648336	385490.879910715	052	050	051	053	050	051	051	051
GA75	6	641064.20648336	385490.879910715	051	050	050	000	050	051	054	052
GA76	6	641064.20648336	385490.879910715	052	052	051	053	050	051	054	051
GA77	6	640581.939025575	384990.36065169	052	052	000	000	050	050	051	053
GA80	6	640582.890639968	384978.146849337	051	052	050	053	050	050	051	053
GA81	5	678809.256623012	485565.503597152	053	052	051	053	050	051	055	052
GA83	5	678809.256623012	485565.503597152	053	052	051	000	050	000	055	051
GA85	6	640584.197101397	384999.83852607	051	052	050	053	050	051	000	052
GA86	6	641082.542448116	385490.025821144	000	052	050	000	050	050	051	051
GA90	6	640390.107867606	384932.394408308	052	052	050	053	050	050	000	051
GA91	1	290634.999466549	814477.035521736	052	000	051	052	051	050	055	051
GA92	1	290634.999466549	814477.035521736	052	052	051	053	051	050	000	051
GA93	4	285158.99741193	804618.035908035	052	052	051	053	050	050	000	052
GA94	4	285158.99741193	804618.035908035	051	052	051	053	050	050	053	051
GA95	7	297719.994709435	816702.969724783	052	052	051	000	050	050	053	051
END
