Indiv	Site	SSRseq_FR-GUEST-ANT_001		SSRseq_FR-GUEST-ANT_002		SSRseq_FR-GUEST-ANT_013		SSRseq_FR-GUEST-ANT_014		SSRseq_FR-GUEST-ANT_015		SSRseq_FR-GUEST-ANT_017		SSRseq_FR-GUEST-ANT_018		SSRseq_FR-GUEST-ANT_024		SSRseq_FR-GUEST-ANT_025		SSRseq_FR-GUEST-ANT_027		SSRseq_FR-GUEST-ANT_029		SSRseq_FR-GUEST-ANT_031		SSRseq_FR-GUEST-ANT_034		SSRseq_FR-GUEST-ANT_035		SSRseq_FR-GUEST-ANT_039		SSRseq_FR-GUEST-ANT_045		SSRseq_FR-GUEST-ANT_046		SSRseq_FR-GUEST-ANT_048		SSRseq_FR-GUEST-ANT_053		SSRseq_FR-GUEST-ANT_054		SSRseq_FR-GUEST-ANT_058	
GA01	Aviemore	102	102	102	102	104	104	105	105	102	102	106	106	102	102	101	101	104	104	102	102	103	103	104	104	102	102	103	103	101	101	106	106	101	101	103	103	101	101	114	114	105	105
GA02	Feshiebridge	102	102	102	102	103	103	105	105	102	102	105	105	102	102	101	101	104	104	102	102	103	103	104	104	102	102	103	103	101	101	106	106	104	104	101	101	101	101	106	106	103	103
GA03	Feshiebridge	102	102	102	102	103	103	105	105	102	102	105	105	102	102	101	101	104	104	102	102	103	103	104	104	102	102	102	102	101	101	106	106	104	104	101	101	101	101	106	106	103	103
GA04	Abernethy	103	103	102	102	104	104	105	105	101	101	105	105	102	102	101	101	106	106	102	102	103	103	104	104	102	102	102	102	101	101	106	106	NA	NA	101	101	101	101	106	106	103	103
GA05	Longshaw Estate	103	103	102	102	105	105	104	104	NA	NA	101	101	102	102	102	102	105	105	102	102	NA	NA	101	101	103	103	101	101	102	102	106	106	104	104	101	101	102	102	102	102	106	106
GA06	Longshaw Estate	102	102	102	102	103	103	105	105	105	105	105	105	102	102	101	101	105	105	102	102	NA	NA	104	104	103	103	102	102	NA	NA	106	106	104	104	101	101	103	103	NA	NA	106	106
GA08	Feshiebridge	103	103	102	102	103	103	105	105	102	102	105	105	102	102	101	101	105	105	102	102	103	103	104	104	102	102	104	104	101	101	106	106	104	104	101	101	101	101	113	113	103	103
GA09	Feshiebridge	102	102	102	102	104	104	104	104	102	102	105	105	102	102	101	101	104	104	102	102	103	103	104	104	102	102	103	103	101	101	106	106	104	104	101	101	101	101	113	113	104	104
GA10	Feshiebridge	102	102	102	102	104	104	104	104	101	101	105	105	102	102	101	101	104	104	102	102	104	104	104	104	102	102	103	103	101	101	106	106	109	109	102	102	101	101	114	114	103	103
GA11	Feshiebridge	102	102	102	102	103	103	104	104	102	102	105	105	102	102	101	101	104	104	102	102	103	103	104	104	103	103	103	103	101	101	106	106	104	104	101	101	101	101	114	114	103	103
GA12	Feshiebridge	102	102	102	102	103	103	105	105	102	102	105	105	102	102	101	101	104	104	102	102	103	103	104	104	102	102	102	102	101	101	106	106	104	104	101	101	101	101	105	105	103	103
GA13	Feshiebridge	102	102	102	102	104	104	105	105	102	102	105	105	102	102	101	101	104	104	102	102	103	103	104	104	102	102	102	102	101	101	106	106	104	104	101	101	101	101	105	105	103	103
GA14	Feshiebridge	102	102	102	102	104	104	105	105	102	102	105	105	102	102	101	101	104	104	102	102	103	103	104	104	102	102	104	104	101	101	106	106	NA	NA	101	101	101	101	103	103	103	103
GA15	Feshiebridge	102	102	102	102	104	104	105	105	102	102	105	105	102	102	101	101	104	104	102	102	103	103	104	104	102	102	103	103	101	101	106	106	104	104	101	101	101	101	114	114	103	103
GA16	Feshiebridge	102	102	102	102	104	104	105	105	102	102	105	105	102	102	101	101	104	104	102	102	103	103	104	104	102	102	103	103	101	101	106	106	104	104	101	101	101	101	114	114	103	103
GA17	Feshiebridge	102	102	102	102	103	103	104	104	102	102	105	105	102	102	101	101	106	106	102	102	103	103	104	104	102	102	102	102	101	101	106	106	104	104	101	101	101	101	106	106	103	103
GA18	Feshiebridge	102	102	102	102	103	103	105	105	102	102	105	105	102	102	101	101	104	104	102	102	103	103	104	104	102	102	102	102	101	101	106	106	104	104	101	101	101	101	105	105	103	103
GA19	Feshiebridge	102	102	102	102	104	104	104	104	101	101	105	105	102	102	101	101	104	104	102	102	102	102	104	104	103	103	102	102	101	101	106	106	107	107	101	101	101	101	107	107	103	103
GA20	Feshiebridge	102	102	102	102	104	104	105	105	102	102	105	105	102	102	101	101	105	105	102	102	103	103	104	104	102	102	102	102	101	101	106	106	104	104	101	101	101	101	105	105	103	103
GA21	Feshiebridge	102	102	102	102	104	104	104	104	102	102	105	105	102	102	101	101	104	104	102	102	103	103	104	104	102	102	102	102	101	101	106	106	104	104	101	101	101	101	111	111	103	103
GA22	Feshiebridge	102	102	102	102	103	103	105	105	102	102	105	105	102	102	101	101	104	104	102	102	103	103	104	104	102	102	102	102	101	101	106	106	104	104	101	101	101	101	113	113	103	103
GA23	Feshiebridge	102	102	102	102	104	104	104	104	102	102	105	105	102	102	101	101	104	104	102	102	103	103	104	104	102	102	103	103	101	101	106	106	104	104	101	101	101	101	113	113	103	103
GA25	Feshiebridge	103	103	102	102	103	103	104	104	102	102	105	105	102	102	101	101	104	104	102	102	103	103	104	104	102	102	102	102	101	101	106	106	104	104	101	101	101	101	107	107	103	103
GA27	Aviemore	102	102	102	102	105	105	105	105	102	102	105	105	102	102	101	101	104	104	102	102	103	103	104	104	102	102	103	103	101	101	104	104	101	101	103	103	101	101	111	111	103	103
GA28	Aviemore	102	102	102	102	104	104	104	104	102	102	105	105	102	102	101	101	104	104	102	102	103	103	104	104	102	102	102	102	101	101	106	106	104	104	103	103	101	101	106	106	102	102
GA29	Aviemore	102	102	102	102	104	104	104	104	102	102	105	105	102	102	101	101	104	104	102	102	105	105	104	104	102	102	102	102	101	101	106	106	108	108	102	102	101	101	NA	NA	103	103
GA32	Aviemore	103	103	102	102	103	103	104	104	102	102	105	105	102	102	101	101	104	104	102	102	103	103	104	104	102	102	102	102	101	101	106	106	106	106	101	101	101	101	111	111	105	105
GA34	Aviemore	102	102	102	102	104	104	105	105	102	102	105	105	102	102	101	101	104	104	102	102	103	103	104	104	102	102	102	102	101	101	106	106	NA	NA	101	101	101	101	106	106	103	103
GA35	Abernethy	102	102	103	103	104	104	105	105	102	102	105	105	102	102	101	101	103	103	102	102	103	103	104	104	102	102	102	102	101	101	106	106	104	105	101	101	101	101	103	103	103	103
GA36	Abernethy	103	103	102	102	104	104	105	105	101	101	106	106	102	102	101	101	103	103	102	102	103	103	104	104	102	102	103	103	101	101	104	104	104	104	101	101	101	101	NA	NA	103	103
GA39	Abernethy	103	103	102	102	103	103	105	105	102	102	104	104	102	102	101	101	103	103	102	102	103	103	104	104	102	102	103	103	101	101	106	106	104	104	101	101	101	101	103	103	103	103
GA40	Abernethy	102	102	102	102	103	105	105	105	102	102	104	105	102	102	101	101	103	105	101	102	103	103	104	104	102	102	102	103	101	101	106	106	109	109	101	101	101	101	106	106	103	103
GA41	Abernethy	102	102	102	102	104	104	105	105	102	102	105	105	102	102	101	101	103	103	101	101	103	103	104	104	102	102	103	103	101	101	106	106	NA	NA	101	101	101	101	106	106	102	102
GA42	Abernethy	102	102	102	102	104	104	104	104	102	102	105	105	102	102	101	101	103	103	102	102	103	103	104	104	102	102	103	103	101	101	104	104	NA	NA	101	101	101	101	103	103	102	102
GA44	Abernethy	102	102	102	102	103	103	105	105	102	102	105	105	102	102	101	101	103	103	102	102	103	103	105	105	103	103	102	102	101	101	106	106	104	104	101	101	101	101	103	103	103	103
GA49	Cropton Forest North Yorkshire	103	103	102	102	104	104	103	103	102	102	106	106	102	102	101	101	105	105	104	104	102	102	102	102	101	101	101	101	101	101	102	102	103	103	101	101	101	101	108	108	104	104
GA50	Cropton Forest North Yorkshire	102	102	102	102	104	104	105	105	102	102	105	105	102	102	101	101	105	105	102	102	103	103	101	101	103	103	103	103	101	101	102	102	104	104	101	101	101	101	102	102	104	104
GA51	Cropton Forest North Yorkshire	103	103	102	102	103	103	105	105	102	102	105	105	102	102	101	101	104	104	102	102	103	103	101	101	103	103	103	103	102	102	102	102	104	104	101	101	101	101	102	102	106	106
GA52	Cropton Forest North Yorkshire	103	103	102	102	104	104	104	104	102	102	101	101	102	102	101	101	105	105	104	104	103	103	104	104	103	103	101	101	101	101	106	106	103	103	101	101	101	101	102	102	104	104
GA54	Cropton Forest North Yorkshire	103	103	102	102	104	104	102	102	102	102	105	105	102	102	101	101	105	105	102	102	103	103	101	101	102	102	103	103	102	102	106	106	104	104	101	101	101	101	109	109	106	106
GA55	Cropton Forest North Yorkshire	103	103	102	102	104	104	104	104	102	102	101	101	102	102	101	101	105	105	102	102	102	102	101	101	102	102	103	103	102	102	106	106	104	104	101	101	101	101	108	108	106	106
GA56	Cropton Forest North Yorkshire	102	102	102	102	104	104	106	106	NA	NA	105	105	102	102	101	101	104	104	104	104	104	104	101	101	103	103	103	103	101	101	106	106	104	104	101	101	101	101	NA	NA	104	104
GA57	Cropton Forest North Yorkshire	103	103	102	102	104	104	105	105	103	103	101	101	103	103	101	101	104	104	102	102	103	103	101	101	103	103	103	103	102	102	NA	NA	104	104	101	101	101	101	102	102	106	106
GA60	Cropton Forest North Yorkshire	103	103	102	102	104	104	105	105	105	105	101	101	102	102	101	101	104	104	102	102	103	103	101	101	103	103	103	103	101	101	106	106	105	105	101	101	101	101	108	108	104	104
GA61	Cropton Forest North Yorkshire	102	102	102	102	103	103	102	102	102	102	NA	NA	102	102	101	101	104	104	102	102	103	103	101	101	102	102	103	103	101	101	102	102	104	104	101	101	101	101	107	107	106	106
GA62	Broxa Forest	103	103	102	102	103	103	104	104	102	102	101	101	102	102	101	101	104	104	104	104	104	104	101	101	103	103	101	101	101	101	102	102	104	104	101	101	101	101	101	101	103	103
GA66	Broxa Forest	103	103	102	102	104	104	103	103	105	105	NA	NA	102	102	101	101	104	104	102	102	104	104	101	101	101	101	103	103	102	102	101	101	104	104	101	101	101	101	112	112	104	104
GA67	Broxa Forest	102	102	102	102	103	103	103	103	102	102	NA	NA	103	103	101	101	106	106	102	102	103	103	101	101	103	103	103	103	101	101	102	102	104	104	101	101	101	101	112	112	104	104
GA68	Broxa Forest	103	103	102	102	103	103	104	104	102	102	101	101	102	102	101	101	104	104	102	102	104	104	101	101	103	103	101	101	102	102	102	102	104	104	101	101	101	101	112	112	103	103
GA69	Broxa Forest	102	102	102	102	104	104	105	105	102	102	105	105	102	102	101	101	104	104	104	104	104	104	101	101	103	103	102	102	101	101	106	106	104	104	101	101	101	101	106	106	104	104
GA72	Broxa Forest	102	102	NA	NA	NA	NA	104	104	102	102	105	105	103	103	101	101	104	104	102	102	103	103	101	101	103	103	101	101	101	101	101	101	104	104	101	101	101	101	108	108	104	104
GA73	Broxa Forest	102	102	102	102	NA	NA	103	103	102	102	101	101	102	102	101	101	104	104	102	102	103	103	101	101	103	103	103	103	101	101	102	102	105	105	101	101	101	101	108	108	104	104
GA74	Longshaw Estate	102	102	102	102	104	104	101	101	105	105	105	105	102	102	101	101	107	107	102	102	NA	NA	101	101	103	103	103	103	102	102	106	106	104	104	101	101	102	102	102	102	103	103
GA76	Longshaw Estate	101	101	102	102	104	104	104	104	105	105	101	101	102	102	101	101	105	105	102	102	103	103	101	101	103	103	103	103	101	101	106	106	104	104	101	101	102	102	109	109	103	103
GA80	Longshaw Estate	102	102	102	102	103	103	105	105	105	105	105	105	102	102	101	101	105	105	102	102	NA	NA	101	101	103	103	101	101	102	102	106	106	104	104	101	101	101	101	102	102	106	106
GA81	Gaitbarrows	102	102	102	102	107	107	105	105	NA	NA	101	101	102	102	101	101	104	104	102	102	103	103	101	101	103	103	103	103	102	102	106	106	104	104	101	101	103	103	110	110	104	104
GA85	Longshaw Estate	102	102	102	102	102	102	104	104	NA	NA	105	105	102	102	101	101	105	105	102	102	NA	NA	101	101	103	103	101	101	102	102	106	106	104	104	101	101	102	102	NA	NA	104	104
GA86	Longshaw Estate	102	102	102	102	104	104	104	104	NA	NA	105	105	102	102	101	101	105	105	102	102	103	103	101	101	103	103	101	101	102	102	NA	NA	104	104	101	101	101	101	102	102	103	103
GA87	Longshaw Estate	102	102	102	102	103	104	104	105	NA	NA	105	105	102	102	101	102	104	105	102	102	103	103	101	101	103	103	101	101	102	102	106	106	104	104	101	101	101	101	102	102	103	103
GA88	Longshaw Estate	103	103	102	102	104	104	104	104	105	106	101	101	102	102	101	102	105	107	102	102	103	103	101	101	103	103	101	103	NA	NA	NA	NA	104	104	101	101	101	101	102	102	103	106
GA90	Longshaw Estate	102	102	102	102	104	104	105	105	105	105	105	105	102	102	101	101	105	105	102	102	103	103	104	104	103	103	101	101	102	102	106	106	104	104	101	101	101	101	NA	NA	103	103
GA91	Aviemore	102	102	NA	NA	104	104	NA	NA	102	102	105	105	102	102	101	101	104	104	102	102	103	103	104	104	102	102	102	102	NA	NA	104	104	NA	NA	102	102	101	101	111	111	103	103
GA92	Aviemore	102	102	102	102	104	104	104	104	102	102	105	105	102	102	101	101	104	104	102	102	103	103	104	104	102	102	102	102	101	101	106	106	101	101	103	103	101	101	NA	NA	103	103
GA93	Feshiebridge	102	102	102	102	104	104	105	105	102	102	105	105	102	102	101	101	104	104	102	102	103	103	104	104	102	102	102	102	NA	NA	106	106	NA	NA	101	101	101	101	NA	NA	104	104
GA94	Feshiebridge	102	102	102	102	103	103	105	105	102	102	105	105	102	102	101	101	104	104	102	102	103	103	104	104	102	102	103	103	NA	NA	106	106	NA	NA	101	101	101	101	106	106	103	103
GA95	Abernethy	102	102	102	102	104	104	105	105	102	102	105	105	102	102	101	101	104	104	NA	NA	103	103	NA	NA	102	102	102	102	NA	NA	NA	NA	NA	NA	101	101	101	101	106	106	103	103