Indiv	Site	SSRseq_FR-GUEST-ANT_013	SSRseq_FR-GUEST-ANT_035	SSRseq_FR-GUEST-ANT_048		SSRseq_FR-GUEST-ANT_053	SSRseq_FR-GUEST-ANT_014	SSRseq_FR-GUEST-ANT_045	SSRseq_FR-GUEST-ANT_054	SSRseq_FR-GUEST-ANT_058	
GA01	Aviemore	104	104	103	103	103	103	101	101	105	105	106	106	114	114	105	105
GA02	Feshiebridge	103	103	103	103	101	101	101	101	105	105	106	106	106	106	103	103
GA03	Feshiebridge	103	103	102	102	101	101	101	101	105	105	106	106	106	106	103	103
GA04	Abernethy	104	104	102	102	101	101	101	101	105	105	106	106	106	106	103	103
GA05	Longshaw Estate	105	105	101	101	101	101	102	102	104	104	106	106	NA	NA	106	106
GA06	Longshaw Estate	103	103	102	102	101	101	103	103	105	105	106	106	NA	NA	106	106
GA07	Feshiebridge	103	103	104	104	101	101	101	101	105	105	106	106	114	114	103	103
GA08	Feshiebridge	103	103	104	104	101	101	101	101	105	105	106	106	113	113	103	103
GA09	Feshiebridge	104	104	103	103	101	101	101	101	104	104	106	106	113	113	104	104
GA10	Feshiebridge	104	104	103	103	102	102	101	101	104	104	106	106	114	114	103	103
GA11	Feshiebridge	103	103	103	103	101	101	101	101	104	104	106	106	NA	NA	NA	NA
GA12	Feshiebridge	103	103	102	102	101	101	101	101	105	105	106	106	105	105	103	103
GA13	Feshiebridge	104	104	102	102	NA	NA	101	101	105	105	106	106	105	105	103	103
GA14	Feshiebridge	104	104	104	104	101	101	101	101	105	105	106	106	103	103	103	103
GA15	Feshiebridge	104	104	103	103	101	101	101	101	105	105	106	106	NA	NA	103	103
GA16	Feshiebridge	104	104	103	103	101	101	101	101	105	105	106	106	114	114	103	103
GA17	Feshiebridge	103	103	102	102	101	101	101	101	104	104	106	106	106	106	103	103
GA18	Feshiebridge	103	103	102	102	101	101	101	101	105	105	106	106	105	105	103	103
GA19	Feshiebridge	104	104	102	102	101	101	101	101	104	104	106	106	107	107	103	103
GA20	Feshiebridge	104	104	102	102	101	101	101	101	105	105	106	106	NA	NA	103	103
GA21	Feshiebridge	104	104	102	102	101	101	101	101	104	104	106	106	111	111	103	103
GA22	Feshiebridge	103	103	102	102	101	101	101	101	105	105	106	106	113	113	103	103
GA23	Feshiebridge	104	104	103	103	101	101	101	101	104	104	106	106	113	113	103	103
GA24	Feshiebridge	104	104	103	103	101	101	101	101	105	105	106	106	106	106	104	104
GA25	Feshiebridge	103	103	102	102	101	101	101	101	104	104	106	106	107	107	103	103
GA26	Aviemore	104	104	102	102	102	102	101	101	105	105	106	106	106	106	103	103
GA27	Aviemore	105	105	103	103	103	103	101	101	105	105	104	104	111	111	103	103
GA28	Aviemore	104	104	102	102	103	103	101	101	104	104	106	106	106	106	102	102
GA29	Aviemore	104	104	102	102	102	102	101	101	104	104	106	106	111	111	103	103
GA30	Aviemore	104	104	102	102	101	101	101	101	104	104	106	106	NA	NA	105	105
GA31	Aviemore	104	104	102	102	103	103	101	101	105	105	104	104	NA	NA	105	105
GA32	Aviemore	103	103	102	102	101	101	101	101	104	104	106	106	111	111	105	105
GA33	Aviemore	104	104	102	102	102	102	101	101	104	104	104	104	111	111	103	103
GA34	Aviemore	104	104	102	102	101	101	101	101	105	105	NA	NA	106	106	103	103
GA35	Abernethy	104	104	102	102	101	101	101	101	105	105	106	106	103	103	103	103
GA36	Abernethy	104	104	103	103	101	101	101	101	NA	NA	104	104	NA	NA	103	103
GA37	Abernethy	104	104	102	102	NA	NA	101	101	106	106	106	106	106	106	103	103
GA38	Abernethy	NA	NA	NA	NA	101	101	101	101	105	105	106	106	NA	NA	103	103
GA39	Abernethy	103	103	NA	NA	101	101	101	101	105	105	NA	NA	103	103	103	103
GA40	Abernethy	103	105	NA	NA	101	101	101	101	105	105	106	106	106	106	103	103
GA41	Abernethy	104	104	NA	NA	101	101	101	101	105	105	106	106	106	106	102	102
GA42	Abernethy	104	104	NA	NA	101	101	101	101	104	104	NA	NA	103	103	102	102
GA43	Abernethy	104	104	NA	NA	101	101	101	101	105	105	106	106	103	103	102	102
GA44	Abernethy	103	103	102	102	101	101	101	101	105	105	NA	NA	103	103	103	103
GA45	Abernethy	NA	NA	102	102	101	101	101	101	105	105	106	106	106	106	105	105
GA46	Abernethy	104	104	103	103	101	101	101	101	104	104	106	106	106	106	103	103
GA47	Abernethy	104	104	102	102	101	101	101	101	105	105	106	106	103	103	103	103
GA48	Abernethy	104	104	102	102	102	102	101	101	105	105	106	106	103	103	103	103
GA49	Cropton Forest North Yorkshire	104	104	101	101	101	101	101	101	103	103	NA	NA	108	108	104	104
GA50	Cropton Forest North Yorkshire	104	104	103	103	101	101	101	101	105	105	NA	NA	102	102	104	104
GA51	Cropton Forest North Yorkshire	103	103	103	103	101	101	101	101	105	105	NA	NA	102	102	106	106
GA52	Cropton Forest North Yorkshire	104	104	101	101	101	101	101	101	104	104	NA	NA	102	102	104	104
GA53	Cropton Forest North Yorkshire	104	104	103	103	102	102	101	101	104	104	NA	NA	109	109	104	104
GA54	Cropton Forest North Yorkshire	104	104	103	103	101	101	101	101	102	102	NA	NA	NA	NA	106	106
GA55	Cropton Forest North Yorkshire	104	104	103	103	NA	NA	101	101	NA	NA	NA	NA	108	108	106	106
GA56	Cropton Forest North Yorkshire	104	104	103	103	101	101	101	101	106	106	NA	NA	NA	NA	104	104
GA57	Cropton Forest North Yorkshire	104	104	103	103	101	101	101	101	105	105	NA	NA	102	102	106	106
GA58	Cropton Forest North Yorkshire	104	104	102	102	101	101	101	101	104	104	NA	NA	107	107	104	104
GA59	Cropton Forest North Yorkshire	104	104	102	102	101	101	101	101	105	105	NA	NA	102	102	106	106
GA60	Cropton Forest North Yorkshire	104	104	103	103	101	101	101	101	105	105	NA	NA	NA	NA	104	104
GA61	Cropton Forest North Yorkshire	103	103	103	103	101	101	101	101	102	102	NA	NA	107	107	106	106
GA62	Broxa Forest	103	103	101	101	101	101	101	101	104	104	NA	NA	101	101	103	103
GA63	Broxa Forest	104	104	101	101	101	101	101	101	104	104	NA	NA	101	101	104	104
GA64	Broxa Forest	104	104	NA	NA	101	101	101	101	NA	NA	NA	NA	109	109	104	104
GA65	Broxa Forest	104	104	NA	NA	101	101	101	101	104	104	NA	NA	NA	NA	104	104
GA66	Broxa Forest	104	104	103	103	101	101	101	101	103	103	NA	NA	112	112	104	104
GA67	Broxa Forest	103	103	NA	NA	101	101	101	101	103	103	NA	NA	112	112	104	104
GA68	Broxa Forest	NA	NA	101	101	101	101	101	101	104	104	NA	NA	112	112	103	103
GA69	Broxa Forest	NA	NA	102	102	101	101	101	101	105	105	NA	NA	106	106	104	104
GA70	Broxa Forest	103	103	NA	NA	101	101	101	101	NA	NA	NA	NA	NA	NA	103	103
GA71	Broxa Forest	104	104	101	101	101	101	101	101	103	103	NA	NA	NA	NA	104	104
GA72	Broxa Forest	NA	NA	101	101	101	101	101	101	104	104	NA	NA	108	108	NA	NA
GA73	Broxa Forest	104	104	103	103	101	101	101	101	103	103	NA	NA	108	108	104	104
GA74	Longshaw Estate	104	104	103	103	101	101	102	102	101	101	NA	NA	102	102	103	103
GA75	Longshaw Estate	103	103	101	101	101	101	102	102	101	101	NA	NA	109	109	104	104
GA76	Longshaw Estate	104	104	103	103	101	101	102	102	104	104	NA	NA	NA	NA	103	103
GA77	Longshaw Estate	104	104	NA	NA	101	101	101	101	104	104	NA	NA	102	102	107	107
GA78	Longshaw Estate	NA	NA	NA	NA	101	101	NA	NA	104	104	NA	NA	102	102	104	104
GA79	Longshaw Estate	NA	NA	NA	NA	101	101	NA	NA	104	104	NA	NA	NA	NA	104	104
GA80	Longshaw Estate	103	103	101	101	NA	NA	101	101	105	105	NA	NA	102	102	106	106
GA81	Gaitbarrows	107	107	103	103	101	101	103	103	105	105	NA	NA	110	110	104	104
GA82	Gaitbarrows	NA	NA	103	103	101	101	NA	NA	105	105	NA	NA	108	108	103	103
GA83	Gaitbarrows	107	107	103	103	101	101	NA	NA	105	105	NA	NA	110	110	103	103
GA84	Longshaw Estate	NA	NA	101	101	101	101	102	102	105	105	NA	NA	NA	NA	106	106
GA85	Longshaw Estate	102	102	101	101	101	101	102	102	104	104	NA	NA	NA	NA	104	104
GA86	Longshaw Estate	103	103	NA	NA	101	101	101	101	104	104	NA	NA	NA	NA	103	103
GA87	Longshaw Estate	103	104	101	101	101	101	101	101	104	105	NA	NA	NA	NA	103	103
GA88	Longshaw Estate	104	104	101	103	101	101	101	101	104	104	NA	NA	NA	NA	103	106
GA89	Longshaw Estate	104	104	103	103	101	101	102	102	104	104	NA	NA	NA	NA	NA	NA
GA90	Longshaw Estate	104	104	101	101	101	101	101	101	105	105	NA	NA	NA	NA	NA	NA
GA91	Aviemore	NA	NA	102	102	102	102	101	101	NA	NA	NA	NA	NA	NA	NA	NA
GA92	Aviemore	104	104	102	102	103	103	101	101	NA	NA	NA	NA	NA	NA	NA	NA
GA93	Feshiebridge	104	104	102	102	101	101	101	101	105	105	NA	NA	NA	NA	NA	NA
GA94	Feshiebridge	103	103	103	103	101	101	101	101	NA	NA	NA	NA	106	106	NA	NA
GA95	Abernethy	NA	NA	102	102	101	101	101	101	105	105	NA	NA	106	106	103	103